-1 0.116463
1 0.0456874
2 0.0334095
3 0.0310321
4 0.0300304
5 0.0279128
6 0.0241603
7 0.0191221
8 0.0136845
9 0.00964657
10 0.0100045
11 0.0142225
12 0.0194899
13 0.0246628
14 0.0293957
15 0.0335905
16 0.0370328
17 0.0406821
18 0.0441944
19 0.0474292
20 0.0503098
21 0.0527764
22 0.0548058
23 0.0564241
24 0.0576952
25 0.0586962
26 0.0594945
27 0.0601337
28 0.0606318
29 0.060987
30 0.0611877
31 0.0612181
32 0.0614382
33 0.0615483
34 0.0614467
35 0.0611867
36 0.0607401
37 0.0597063
38 0.0570848
39 0.0509863
40 0.0397578
41 0.0331117
42 0.0382182
43 0.0474834
44 0.0553848
45 0.0837569
46 0.128823
47 0.201208
48 0.269855
49 0.265628
50 0.31307
51 0.346337
52 0.358697
53 0.342381
54 0.313474
55 0.269065
56 0.236164
57 0.21319
58 0.197977
59 0.193906
60 0.185084
61 0.169606
62 0.14965
63 0.147245
64 0.146131
65 0.154093
66 0.172745
67 0.206741
68 0.222842
69 0.239694
70 0.256686
71 0.27071
72 0.276766
73 0.274518
74 0.275889
75 0.276482
76 0.275434
77 0.258416
78 0.24629
79 0.248053
80 0.252671
81 0.261244
82 0.27653
83 0.289673
84 0.299167
85 0.30919
86 0.320214
87 0.331003
88 0.338682
89 0.346506
90 0.351239
91 0.352165
