-1 0.115968
1 0.0882311
2 0.06868
3 0.0543891
4 0.0437607
5 0.0358
6 0.0298353
7 0.0253865
8 0.0220942
9 0.0196802
10 0.0179251
11 0.0166564
12 0.0157409
13 0.0150784
14 0.0145956
15 0.0142401
16 0.0121131
17 0.0103588
18 0.00898181
19 0.00790357
20 0.00705928
21 0.00639622
22 0.00587231
23 0.00545465
24 0.00511808
25 0.00484371
26 0.00461752
27 0.00442916
28 0.00427097
29 0.00413725
30 0.00402367
31 0.00364434
32 0.00334823
33 0.00311122
34 0.00291311
35 0.00274082
36 0.00258627
37 0.00244468
38 0.00231332
39 0.00219072
40 0.00207605
41 0.00196888
42 0.00186894
43 0.00177602
44 0.0016899
45 0.00161035
46 0.00153811
47 0.00146309
48 0.00138708
49 0.00131149
50 0.00123748
51 0.00116596
52 0.00109757
53 0.00103275
54 0.000971774
55 0.000914756
56 0.000861714
57 0.000812582
58 0.000767237
59 0.000725512
60 0.000687216
61 0.000652763
62 0.000618625
63 0.000585349
64 0.000553354
65 0.000522937
66 0.000494296
67 0.000467544
68 0.000442725
69 0.000419825
70 0.00039879
71 0.000379537
72 0.000361959
73 0.00034594
74 0.00033136
75 0.000318097
76 0.000305935
77 0.00029429
78 0.000283178
79 0.000272709
80 0.000263029
81 0.000254237
82 0.000246358
83 0.000239358
84 0.000233138
85 0.000227531
86 0.000222219
87 0.000216577
88 0.000209394
89 0.000197985
90 0.000177037
91 0.000234393
