-1 0.116463
1 0.0924972
2 0.0759826
3 0.0641365
4 0.0554673
5 0.0490328
6 0.0441876
7 0.0404712
8 0.0375483
9 0.0351735
10 0.0331669
11 0.0313973
12 0.0297698
13 0.0282166
14 0.0266904
15 0.0251597
16 0.0236478
17 0.0220838
18 0.0204949
19 0.0188686
20 0.017203
21 0.0155074
22 0.0138048
23 0.0121365
24 0.0105712
25 0.00921785
26 0.00823583
27 0.00781001
28 0.00805509
29 0.00892399
30 0.0102534
31 0.0118732
32 0.0136665
33 0.0155528
34 0.0174795
35 0.0194141
36 0.021337
37 0.0232373
38 0.0251092
39 0.0269497
40 0.0287565
41 0.0305263
42 0.0322532
43 0.0339281
44 0.0355379
45 0.0370655
46 0.0384914
47 0.0397918
48 0.0409251
49 0.0418506
50 0.0425264
51 0.0428431
52 0.0428125
53 0.0425493
54 0.0415314
55 0.0401021
56 0.0383079
57 0.036117
58 0.0326316
59 0.0293747
60 0.0282091
61 0.0270016
62 0.0334195
63 0.0423633
64 0.0477592
65 0.0551164
66 0.0628568
67 0.0669827
68 0.0665887
69 0.0640135
70 0.0606515
71 0.0582631
72 0.0599052
73 0.0686226
74 0.0831197
75 0.100679
76 0.116897
77 0.134836
78 0.140872
79 0.146237
80 0.152682
81 0.159676
82 0.166798
83 0.173234
84 0.180141
85 0.186461
86 0.192509
87 0.198731
88 0.205384
89 0.21465
90 0.220128
