-1 0.115394
1 0.0814243
2 0.0256848
3 0.0118168
4 0.0101342
5 0.00846225
6 0.00879589
7 0.00860286
8 0.0086701
9 0.00864181
10 0.00865275
11 0.00864835
12 0.00865009
13 0.0086494
14 0.00864967
15 0.00864956
16 0.00448094
17 0.00264062
18 0.0018123
19 0.00189868
20 0.00179274
21 0.00181639
22 0.00180254
23 0.00180636
24 0.00180447
25 0.00180507
26 0.0018048
27 0.00180489
28 0.00180485
29 0.00180487
30 0.00180486
31 0.00148673
32 0.000584091
33 0.000500744
34 0.000420205
35 0.000404095
36 0.000399118
37 0.000396673
38 0.000396044
39 0.000395377
40 0.00039542
41 0.00039539
42 0.000395368
43 0.000395308
44 0.000395305
45 0.000395319
46 0.000396478
47 0.000166606
48 0.000170757
49 0.000140224
50 0.000134715
51 0.000154823
52 0.000196225
53 0.000282794
54 0.000463454
55 0.00978938
56 0.0245864
57 0.0551673
58 0.107174
59 0.155831
60 0.213579
61 0.186674
62 0.267234
63 0.239032
64 0.342085
65 0.333487
66 0.287351
67 0.342112
68 0.329595
69 0.364207
70 0.341803
71 0.304916
72 0.370803
73 0.336572
74 0.362195
75 0.331661
76 0.317149
77 0.333772
78 0.346226
79 0.348752
80 0.347258
81 0.33849
82 0.328034
83 0.327353
84 0.294591
85 0.318366
86 0.34037
87 0.308372
88 0.33139
89 0.302769
90 0.320555
