-1 0.115394
1 0.0876452
2 0.0679709
3 0.0534786
4 0.0425881
5 0.0343158
6 0.0280012
7 0.0231781
8 0.0195048
9 0.0167232
10 0.0146326
11 0.0130743
12 0.0119215
13 0.0110732
14 0.0104506
15 0.00999324
16 0.00863662
17 0.00744656
18 0.0064987
19 0.00574059
20 0.00513037
21 0.0046351
22 0.00422919
23 0.00389306
24 0.00361183
25 0.00337428
26 0.00317196
27 0.00299845
28 0.00284882
29 0.00271926
30 0.00260673
31 0.00241223
32 0.00224207
33 0.00209363
34 0.00196011
35 0.0018375
36 0.00172355
37 0.00161702
38 0.00151725
39 0.00142388
40 0.00133667
41 0.00125544
42 0.00118001
43 0.00111017
44 0.00104571
45 0.000986361
46 0.000933741
47 0.000880155
48 0.000826878
49 0.000774717
50 0.000724313
51 0.000676138
52 0.000630515
53 0.000587637
54 0.000547593
55 0.000510392
56 0.00047598
57 0.00044426
58 0.000415104
59 0.000388365
60 0.000363884
61 0.000342004
62 0.000320607
63 0.000299929
64 0.000280177
65 0.000261526
66 0.000244106
67 0.000228006
68 0.000213266
69 0.000199886
70 0.00018783
71 0.00017703
72 0.000167398
73 0.000158832
74 0.000151224
75 0.000144468
76 0.000138403
77 0.000132622
78 0.000127011
79 0.000121743
80 0.000117216
81 0.000113878
82 0.000112096
83 0.000113921
84 0.000127948
85 0.000156293
86 0.000194313
87 0.000243692
88 0.000304561
89 0.000479411
90 0.000967598
91 0.00175481
