-1 0.116463
1 0.0186804
2 0.0290687
3 0.0345687
4 0.0292864
5 0.0181428
6 0.0107648
7 0.0175711
8 0.0272294
9 0.0351543
10 0.0411049
11 0.0454584
12 0.0486359
13 0.0509775
14 0.0527285
15 0.0540582
16 0.0548024
17 0.057317
18 0.0593301
19 0.0618201
20 0.0638321
21 0.0649782
22 0.0651624
23 0.064672
24 0.0638885
25 0.0630896
26 0.0623891
27 0.0616611
28 0.0606779
29 0.0592961
30 0.0576567
31 0.056057
32 0.0555605
33 0.054998
34 0.0547605
35 0.0554118
36 0.0520493
37 0.0537956
38 0.0859447
39 0.15297
40 0.177069
41 0.250006
42 0.276094
43 0.258704
44 0.237411
45 0.222244
46 0.206664
47 0.18671
48 0.209484
49 0.251495
50 0.316615
51 0.37133
52 0.378446
53 0.361116
54 0.355689
55 0.3533
56 0.34639
57 0.313601
58 0.270603
59 0.22519
60 0.224829
61 0.197269
62 0.171268
63 0.202278
64 0.218856
65 0.248995
66 0.278228
67 0.280976
68 0.28918
69 0.308625
70 0.314044
71 0.316378
72 0.319449
73 0.335157
74 0.354794
75 0.336236
76 0.330972
77 0.346977
78 0.359457
79 0.354657
80 0.360757
81 0.363666
82 0.352765
83 0.335955
84 0.337229
85 0.34672
86 0.363153
87 0.367184
88 0.366913
89 0.418674
90 0.31301
