-1 0.115394
1 0.0272372
2 0.00845228
3 0.00842274
4 0.00852234
5 0.00859141
6 0.00862559
7 0.00864047
8 0.00864646
9 0.0086487
10 0.00864945
11 0.00864966
12 0.00864968
13 0.00864966
14 0.00864964
15 0.00864962
16 0.00384643
17 0.00280482
18 0.0022595
19 0.00202016
20 0.00191034
21 0.00185767
22 0.00183164
23 0.00181853
24 0.00181185
25 0.00180843
26 0.00180668
27 0.00180579
28 0.00180533
29 0.0018051
30 0.00180498
31 0.00136488
32 0.000903756
33 0.000659175
34 0.000533792
35 0.00046793
36 0.000433333
37 0.00041539
38 0.000406106
39 0.00040123
40 0.000398605
41 0.000397159
42 0.000396354
43 0.000395904
44 0.000395653
45 0.000395512
46 0.000389856
47 0.000253767
48 0.000195228
49 0.000163289
50 0.000142303
51 0.000128877
52 0.00012175
53 0.000117964
54 0.000115471
55 0.000115164
56 0.000116863
57 0.000120771
58 0.000125288
59 0.000135539
60 0.000154169
61 0.000254356
62 0.000779392
63 0.000382559
64 0.000744972
65 0.00313677
66 0.016001
67 0.0564201
68 0.13006
69 0.247834
70 0.317913
71 0.312114
72 0.322521
73 0.306811
74 0.304209
75 0.30321
76 0.308326
77 0.335647
78 0.335107
79 0.336844
80 0.350313
81 0.347908
82 0.359124
83 0.350781
84 0.369398
85 0.346842
86 0.367931
87 0.344269
88 0.378345
89 0.362178
90 0.361392
