-1 0.115968
1 0.0836485
2 0.0278597
3 0.0154396
4 0.0141663
5 0.012891
6 0.0131476
7 0.0129983
8 0.0130515
9 0.0130288
10 0.0130378
11 0.0130341
12 0.0130356
13 0.013035
14 0.0130353
15 0.0130352
16 0.00570467
17 0.00436334
18 0.00315774
19 0.00344442
20 0.00330595
21 0.00334855
22 0.00333083
23 0.00333693
24 0.00333445
25 0.00333537
26 0.003335
27 0.00333514
28 0.00333508
29 0.00333511
30 0.0033351
31 0.00249025
32 0.00119784
33 0.00091622
34 0.000874591
35 0.000823619
36 0.000831582
37 0.000822951
38 0.000824822
39 0.000823124
40 0.000823645
41 0.000823489
42 0.000823546
43 0.000823444
44 0.000823454
45 0.000823475
46 0.000824319
47 0.000345423
48 0.000375962
49 0.000313379
50 0.00031879
51 0.000325204
52 0.000347979
53 0.000411569
54 0.000615507
55 0.0158937
56 0.0331681
57 0.0546891
58 0.0913131
59 0.0928179
60 0.142999
61 0.140441
62 0.209441
63 0.285428
64 0.304808
65 0.333192
66 0.400287
67 0.342272
68 0.365512
69 0.353599
70 0.342689
71 0.367357
72 0.329121
73 0.361657
74 0.352767
75 0.358069
76 0.335197
77 0.327347
78 0.324107
79 0.351098
80 0.352174
81 0.351194
82 0.330579
83 0.3422
84 0.350378
85 0.324723
86 0.329791
87 0.31885
88 0.333909
89 0.323301
90 0.318462
