-1 0.116636
1 0.0344338
2 0.0194275
3 0.018712
4 0.0184727
5 0.0183927
6 0.0183662
7 0.0183577
8 0.0183551
9 0.0183544
10 0.0183542
11 0.0183541
12 0.0183541
13 0.0183541
14 0.018354
15 0.018354
16 0.00924436
17 0.00863219
18 0.00854526
19 0.00854914
20 0.00856231
21 0.00857068
22 0.00857507
23 0.00857735
24 0.0085786
25 0.00857932
26 0.00857973
27 0.00857997
28 0.0085801
29 0.00858018
30 0.00858022
31 0.00539256
32 0.00472325
33 0.00387185
34 0.00341121
35 0.00317518
36 0.00305542
37 0.00299494
38 0.00296461
39 0.00294956
40 0.00294212
41 0.00293846
42 0.00293664
43 0.00293574
44 0.0029353
45 0.00293508
46 0.00280796
47 0.00199912
48 0.0015155
49 0.00126359
50 0.00113127
51 0.00106243
52 0.00102781
53 0.00101138
54 0.00100347
55 0.000999962
56 0.000996935
57 0.000995241
58 0.000994984
59 0.000999292
60 0.00100293
61 0.00101118
62 0.00133423
63 0.00507053
64 0.0151506
65 0.0468561
66 0.0855839
67 0.138469
68 0.170939
69 0.188731
70 0.220467
71 0.228915
72 0.234518
73 0.256488
74 0.273085
75 0.301463
76 0.306218
77 0.308826
78 0.328386
79 0.342317
80 0.352991
81 0.35642
82 0.350027
83 0.341506
84 0.346642
85 0.34582
86 0.361449
87 0.373678
88 0.3668
89 0.386292
90 0.370391
