-1 0.116636
1 0.0369318
2 0.0233286
3 0.0202355
4 0.0192924
5 0.0188739
6 0.0186515
7 0.0185265
8 0.0184548
9 0.0184132
10 0.0183889
11 0.0183746
12 0.0183661
13 0.0183612
14 0.0183582
15 0.0183565
16 0.0127375
17 0.0102691
18 0.00926658
19 0.00885646
20 0.00868211
21 0.00860734
22 0.00857704
23 0.00856681
24 0.00856522
25 0.00856693
26 0.00856953
27 0.00857204
28 0.00857413
29 0.00857575
30 0.00857697
31 0.00596673
32 0.00528779
33 0.00482289
34 0.00438945
35 0.00401847
36 0.00372513
37 0.00350382
38 0.00334125
39 0.00322365
40 0.00313935
41 0.00307928
42 0.00303664
43 0.00300646
44 0.00298515
45 0.00297013
46 0.00282369
47 0.00252684
48 0.00218864
49 0.00188852
50 0.00164887
51 0.00146702
52 0.0013327
53 0.00123503
54 0.00116474
55 0.00111452
56 0.00107887
57 0.00105366
58 0.00103588
59 0.00102333
60 0.00101445
61 0.00101184
62 0.000902549
63 0.000782099
64 0.000680431
65 0.00060245
66 0.000545007
67 0.000502365
68 0.00047089
69 0.00044755
70 0.000427129
71 0.000421442
72 0.000679553
73 0.00251607
74 0.00945336
75 0.0207637
76 0.0335382
77 0.0652337
78 0.117395
79 0.168258
80 0.204422
81 0.238646
82 0.258215
83 0.286699
84 0.298282
85 0.306761
86 0.31038
87 0.317207
88 0.328273
89 0.326064
90 0.319569
91 0.314793
