-1 0.116217
1 0.0885199
2 0.0690509
3 0.0548736
4 0.0443837
5 0.0365806
6 0.0307868
7 0.0265136
8 0.0233916
9 0.0211323
10 0.0195094
11 0.0183479
12 0.0175153
13 0.0169147
14 0.0164767
15 0.016153
16 0.0138184
17 0.0118984
18 0.0103835
19 0.00919265
20 0.00825841
21 0.00752536
22 0.00694853
23 0.00649213
24 0.0061283
25 0.00583569
26 0.00559817
27 0.00540366
28 0.00524312
29 0.00510973
30 0.00499834
31 0.00448484
32 0.00409791
33 0.00379914
34 0.00355815
35 0.00335464
36 0.0031758
37 0.00301392
38 0.00286456
39 0.0027253
40 0.00259486
41 0.00247261
42 0.00235822
43 0.00225149
44 0.00215226
45 0.00206034
46 0.00197421
47 0.00188379
48 0.0017911
49 0.00169799
50 0.00160601
51 0.00151645
52 0.00143025
53 0.00134809
54 0.00127042
55 0.00119748
56 0.00112938
57 0.0010661
58 0.00100753
59 0.000953513
60 0.000903835
61 0.000859204
62 0.000814491
63 0.000770557
64 0.000728046
65 0.000687415
66 0.000648971
67 0.000612899
68 0.000579283
69 0.000548131
70 0.000519394
71 0.000492983
72 0.000468777
73 0.000446641
74 0.000426431
75 0.000408
76 0.000391151
77 0.000374962
78 0.000359532
79 0.000344994
80 0.000331465
81 0.000319006
82 0.000307618
83 0.000297254
84 0.000287823
85 0.000279149
86 0.000270887
87 0.000262314
88 0.000251999
89 0.000236787
90 0.00021007
