-1 0.116355
1 0.0850161
2 0.0296786
3 0.0180826
4 0.0170911
5 0.0159343
6 0.0161793
7 0.0160389
8 0.01609
9 0.016068
10 0.0160768
11 0.0160732
12 0.0160746
13 0.016074
14 0.0160743
15 0.0160742
16 0.00549071
17 0.00621671
18 0.00499099
19 0.00532749
20 0.00519055
21 0.00523747
22 0.00521882
23 0.00522606
24 0.00522319
25 0.00522434
26 0.00522388
27 0.00522406
28 0.00522399
29 0.00522402
30 0.00522401
31 0.00377078
32 0.00215845
33 0.0014786
34 0.00153831
35 0.001413
36 0.00144595
37 0.0014259
38 0.00143225
39 0.00142862
40 0.00142988
41 0.0014295
42 0.0014297
43 0.00142951
44 0.00142953
45 0.00142957
46 0.00142226
47 0.000575306
48 0.000603145
49 0.000502873
50 0.00050895
51 0.00050856
52 0.000520057
53 0.000561586
54 0.000689361
55 0.0108295
56 0.0252417
57 0.0301626
58 0.0459367
59 0.0517897
60 0.0764924
61 0.0835084
62 0.1706
63 0.246371
64 0.303041
65 0.353475
66 0.323331
67 0.340532
68 0.352144
69 0.325256
70 0.357279
71 0.344871
72 0.322482
73 0.337442
74 0.308741
75 0.332561
76 0.306443
77 0.337446
78 0.309421
79 0.359553
80 0.336788
81 0.371317
82 0.322569
83 0.354772
84 0.340972
85 0.336568
86 0.351769
87 0.330193
88 0.333786
89 0.343819
90 0.338672
