-1 0.116636
1 0.0859817
2 0.0311694
3 0.0201475
4 0.0193168
5 0.0182146
6 0.0184565
7 0.018319
8 0.0183697
9 0.0183478
10 0.0183567
11 0.018353
12 0.0183545
13 0.0183538
14 0.0183541
15 0.018354
16 0.0064749
17 0.00931449
18 0.00834662
19 0.00867247
20 0.00853939
21 0.00859448
22 0.00857365
23 0.00858269
24 0.0085792
25 0.00858067
26 0.00858009
27 0.00858033
28 0.00858024
29 0.00858028
30 0.00858026
31 0.00615845
32 0.00448076
33 0.00284357
34 0.00317374
35 0.00288601
36 0.00296798
37 0.00292497
38 0.00294058
39 0.00293305
40 0.00293552
41 0.00293458
42 0.00293512
43 0.00293481
44 0.00293481
45 0.00293485
46 0.00290473
47 0.00126754
48 0.00117705
49 0.00103094
50 0.00100553
51 0.00100476
52 0.00101643
53 0.00102967
54 0.00114015
55 0.00152201
56 0.00903225
57 0.0268932
58 0.0486282
59 0.0824864
60 0.104779
61 0.14262
62 0.231627
63 0.278148
64 0.292917
65 0.318542
66 0.290446
67 0.340868
68 0.382497
69 0.29863
70 0.351634
71 0.343166
72 0.289523
73 0.335611
74 0.303426
75 0.31025
76 0.311846
77 0.322506
78 0.306892
79 0.293549
80 0.329937
81 0.339248
82 0.311686
83 0.339139
84 0.313116
85 0.337929
86 0.328634
87 0.31883
88 0.336373
89 0.313757
90 0.330602
