-1 0.115968
1 0.0306038
2 0.0135996
3 0.0130975
4 0.0130069
5 0.0130065
6 0.013018
7 0.0130265
8 0.0130312
9 0.0130335
10 0.0130345
11 0.0130349
12 0.0130351
13 0.0130352
14 0.0130352
15 0.0130352
16 0.00484896
17 0.00414311
18 0.00365213
19 0.00346796
20 0.00339504
21 0.00336339
22 0.00334875
23 0.00334175
24 0.00333835
25 0.00333669
26 0.00333587
27 0.00333547
28 0.00333528
29 0.00333519
30 0.00333514
31 0.00221012
32 0.00159414
33 0.00121349
34 0.00102114
35 0.000923974
36 0.000874732
37 0.000849782
38 0.000837115
39 0.000830626
40 0.000827252
41 0.000825474
42 0.000824532
43 0.000824034
44 0.000823773
45 0.000823636
46 0.000805063
47 0.000559946
48 0.000439397
49 0.000377281
50 0.000343714
51 0.000325646
52 0.000315854
53 0.00030969
54 0.000305582
55 0.000304655
56 0.000306715
57 0.000308232
58 0.000309207
59 0.000310257
60 0.00032745
61 0.000406428
62 0.00331322
63 0.00309094
64 0.0108918
65 0.035926
66 0.0698102
67 0.112998
68 0.212003
69 0.287534
70 0.279321
71 0.278141
72 0.274267
73 0.298095
74 0.310261
75 0.3166
76 0.32702
77 0.324088
78 0.338898
79 0.332291
80 0.349641
81 0.358361
82 0.359642
83 0.351061
84 0.357867
85 0.350691
86 0.366845
87 0.356733
88 0.364001
89 0.366773
90 0.364376
91 0.344791
