-1 0.15181
1 0.0474847
2 0.0179777
3 0.00691863
4 0.0026041
5 0.0010382
6 0.000758617
7 0.000836005
8 0.000906871
9 0.000947446
10 0.000970226
11 0.000983668
12 0.000992065
13 0.000997557
14 0.00100127
15 0.00100382
16 0.000820382
17 0.000665824
18 0.000530549
19 0.000422784
20 0.000342204
21 0.000284225
22 0.000243478
23 0.000215228
24 0.000195766
25 0.000182371
26 0.000173129
27 0.000166724
28 0.000162264
29 0.000159144
30 0.000156954
31 0.000150722
32 0.000127481
33 0.000102337
34 8.1014e-05
35 6.46515e-05
36 5.27097e-05
37 4.42287e-05
38 3.82934e-05
39 3.41679e-05
40 3.13048e-05
41 2.93144e-05
42 2.79254e-05
43 2.69513e-05
44 2.62643e-05
45 2.57769e-05
46 2.53777e-05
47 2.1776e-05
48 1.76771e-05
49 1.44191e-05
50 1.21364e-05
51 1.05565e-05
52 9.42852e-06
53 8.60826e-06
54 8.01517e-06
55 7.59652e-06
56 7.32143e-06
57 7.17856e-06
58 7.16123e-06
59 7.24796e-06
60 7.39472e-06
61 7.56661e-06
62 6.82296e-06
63 6.01148e-06
64 5.75529e-06
65 5.57687e-06
66 5.56445e-06
67 6.78562e-06
68 9.79765e-06
69 1.49702e-05
70 2.15299e-05
71 2.78624e-05
72 3.34881e-05
73 4.48614e-05
74 0.000524218
75 0.00917094
76 0.056705
77 0.173556
78 0.312841
79 0.448443
80 0.543524
81 0.584362
82 0.594121
83 0.586856
84 0.570267
85 0.536702
86 0.515735
87 0.495567
88 0.480009
89 0.467931
