-1 0.116474
1 0.036346
2 0.0222686
3 0.0189727
4 0.0179701
5 0.0175356
6 0.0173111
7 0.0171887
8 0.0171209
9 0.0170831
10 0.0170619
11 0.0170502
12 0.0170436
13 0.01704
14 0.0170381
15 0.0170371
16 0.010644
17 0.00808691
18 0.00710495
19 0.00667885
20 0.00646857
21 0.00635952
22 0.00630297
23 0.00627402
24 0.00625931
25 0.00625178
26 0.00624784
27 0.0062457
28 0.00624446
29 0.00624372
30 0.00624324
31 0.00435403
32 0.00375972
33 0.00333365
34 0.00296095
35 0.00265648
36 0.00242304
37 0.00225078
38 0.00212637
39 0.00203754
40 0.00197453
41 0.00192999
42 0.00189856
43 0.00187642
44 0.00186083
45 0.00184986
46 0.0017645
47 0.00156848
48 0.00135163
49 0.00116337
50 0.00101538
51 0.000904288
52 0.000822816
53 0.000763788
54 0.000721304
55 0.000690838
56 0.000669036
57 0.000653464
58 0.000642376
59 0.000634506
60 0.000628928
61 0.000627116
62 0.000565176
63 0.000498074
64 0.00044244
65 0.000400634
66 0.000370195
67 0.000347374
68 0.000329766
69 0.000315697
70 0.000300971
71 0.000279707
72 0.00025454
73 0.00365212
74 0.0134941
75 0.0297026
76 0.0506961
77 0.0893633
78 0.141968
79 0.191571
80 0.235017
81 0.25861
82 0.278646
83 0.295512
84 0.308886
85 0.319471
86 0.324134
87 0.335149
88 0.33831
89 0.338689
90 0.338608
91 0.337505
