-1 0.116474
1 0.0888334
2 0.0694627
3 0.0554159
4 0.045082
5 0.0374535
6 0.031845
7 0.0277585
8 0.0248119
9 0.0227072
10 0.0212128
11 0.0201529
12 0.0193978
13 0.0188547
14 0.0184586
15 0.0181649
16 0.0158354
17 0.013903
18 0.0123578
19 0.0111269
20 0.0101494
21 0.00937474
22 0.00876115
23 0.00827468
24 0.00788802
25 0.00757958
26 0.00733243
27 0.00713346
28 0.00697251
29 0.00684175
30 0.00673512
31 0.00597264
32 0.00541921
33 0.00501144
34 0.00469944
35 0.00444853
36 0.0042361
37 0.00404827
38 0.00387694
39 0.00371764
40 0.00356809
41 0.00342721
42 0.00329455
43 0.00316997
44 0.00305339
45 0.00294474
46 0.00283494
47 0.00271803
48 0.00259611
49 0.0024716
50 0.00234682
51 0.00222375
52 0.00210402
53 0.00198882
54 0.00187903
55 0.0017752
56 0.00167765
57 0.00158652
58 0.00150178
59 0.0014233
60 0.00135086
61 0.0012859
62 0.00121952
63 0.00115334
64 0.00108859
65 0.00102614
66 0.000966594
67 0.000910345
68 0.000857602
69 0.000808448
70 0.000762867
71 0.000720771
72 0.000682024
73 0.000646453
74 0.000613871
75 0.000584076
76 0.000556898
77 0.000530562
78 0.000505346
79 0.000481479
80 0.000459115
81 0.000438316
82 0.000419075
83 0.000401336
84 0.000384994
85 0.00036987
86 0.000355609
87 0.000341459
88 0.000325909
89 0.000305601
90 0.00027303
