-1 0.116355
1 0.0359227
2 0.0214907
3 0.0180395
4 0.0169942
5 0.0165506
6 0.0163271
7 0.0162086
8 0.0161449
9 0.0161107
10 0.0160925
11 0.0160829
12 0.016078
13 0.0160755
14 0.0160744
15 0.016074
16 0.00958634
17 0.00711735
18 0.00618432
19 0.00575423
20 0.00552281
21 0.00539324
22 0.00532105
23 0.005281
24 0.00525858
25 0.0052457
26 0.00523805
27 0.00523332
28 0.00523028
29 0.00522828
30 0.00522693
31 0.00366224
32 0.00312834
33 0.00274052
34 0.00240896
35 0.00214258
36 0.00194053
37 0.00179253
38 0.00168619
39 0.00161057
40 0.00155709
41 0.00151935
42 0.00149277
43 0.00147405
44 0.00146087
45 0.0014516
46 0.00139003
47 0.00123429
48 0.00106368
49 0.000916885
50 0.000802201
51 0.000716464
52 0.000653709
53 0.00060825
54 0.000575479
55 0.000551895
56 0.000534926
57 0.000522725
58 0.000513981
59 0.000507746
60 0.00050331
61 0.000501744
62 0.000455062
63 0.000405118
64 0.000364263
65 0.000334037
66 0.000312232
67 0.000295697
68 0.000282414
69 0.000271095
70 0.000257525
71 0.000234264
72 0.000353513
73 0.00506184
74 0.0160287
75 0.0322666
76 0.0555613
77 0.0973244
78 0.157485
79 0.208762
80 0.250329
81 0.269779
82 0.284631
83 0.291363
84 0.30146
85 0.323206
86 0.321816
87 0.348897
88 0.350098
89 0.342708
90 0.360872
91 0.360005
