-1 0.116474
1 0.0335155
2 0.0180368
3 0.0173401
4 0.017124
5 0.0170591
6 0.0170408
7 0.0170364
8 0.0170357
9 0.0170358
10 0.017036
11 0.0170361
12 0.0170362
13 0.0170362
14 0.0170362
15 0.0170362
16 0.00699754
17 0.00655213
18 0.00633344
19 0.00627157
20 0.00625387
21 0.00624735
22 0.00624447
23 0.00624316
24 0.00624261
25 0.0062424
26 0.00624234
27 0.00624234
28 0.00624235
29 0.00624236
30 0.00624237
31 0.00393548
32 0.00317148
33 0.00251239
34 0.00217036
35 0.00199785
36 0.00191108
37 0.00186752
38 0.00184575
39 0.00183489
40 0.00182946
41 0.00182673
42 0.00182535
43 0.00182466
44 0.00182432
45 0.00182416
46 0.00175236
47 0.00122033
48 0.000929341
49 0.000779417
50 0.000700833
51 0.000659971
52 0.000639002
53 0.000627593
54 0.000621227
55 0.000619
56 0.000619786
57 0.000620135
58 0.000618355
59 0.000618766
60 0.00062481
61 0.000656799
62 0.000501864
63 0.000485412
64 0.00152158
65 0.00386598
66 0.0149185
67 0.0322727
68 0.0911776
69 0.172049
70 0.223885
71 0.245116
72 0.223028
73 0.242685
74 0.254268
75 0.294081
76 0.301211
77 0.30311
78 0.339471
79 0.356097
80 0.372289
81 0.361719
82 0.385346
83 0.368579
84 0.387559
85 0.367207
86 0.373828
87 0.345521
88 0.360589
89 0.344504
90 0.3645
