-1 0.116636
1 0.0890374
2 0.0697347
3 0.0557761
4 0.0455464
5 0.038034
6 0.0325463
7 0.0285787
8 0.0257413
9 0.0237305
10 0.0223129
11 0.0213129
12 0.0206033
13 0.0200939
14 0.0197225
15 0.0194468
16 0.017399
17 0.0156738
18 0.0142741
19 0.013142
20 0.0122293
21 0.0114959
22 0.0109081
23 0.0104379
24 0.0100622
25 0.00976224
26 0.00952267
27 0.00933125
28 0.00917816
29 0.00905561
30 0.00895744
31 0.00786879
32 0.00709702
33 0.00655052
34 0.00615479
35 0.00585543
36 0.00561562
37 0.00541199
38 0.00523061
39 0.00506361
40 0.00490686
41 0.0047584
42 0.00461747
43 0.00448387
44 0.00435767
45 0.00423897
46 0.00410301
47 0.00395686
48 0.00380154
49 0.00363973
50 0.00347459
51 0.00330913
52 0.00314591
53 0.00298702
54 0.00283403
55 0.00268807
56 0.00254988
57 0.00241989
58 0.00229829
59 0.00218507
60 0.00208007
61 0.00198597
62 0.0018872
63 0.00178685
64 0.00168726
65 0.00159014
66 0.00149668
67 0.00140771
68 0.00132372
69 0.00124499
70 0.00117159
71 0.00110349
72 0.00104055
73 0.000982559
74 0.000929272
75 0.000880418
76 0.000835877
77 0.00079221
78 0.000750036
79 0.000709815
80 0.00067184
81 0.000636257
82 0.000603099
83 0.000572323
84 0.000543812
85 0.000517366
86 0.00049261
87 0.00046876
88 0.000444233
89 0.000415504
90 0.00037457
91 0.000371041
