-1 0.116355
1 0.0328324
2 0.0169993
3 0.0163293
4 0.0161361
5 0.0160846
6 0.0160731
7 0.0160719
8 0.0160727
9 0.0160734
10 0.0160738
11 0.0160741
12 0.0160742
13 0.0160742
14 0.0160742
15 0.0160742
16 0.00613299
17 0.00569635
18 0.005387
19 0.00528555
20 0.00525042
21 0.00523607
22 0.00522957
23 0.00522653
24 0.00522512
25 0.00522448
26 0.0052242
27 0.00522408
28 0.00522404
29 0.00522402
30 0.00522401
31 0.00331047
32 0.00257144
33 0.00200871
34 0.00172057
35 0.00157574
36 0.00150296
37 0.00146644
38 0.00144815
39 0.00143897
40 0.00143434
41 0.00143199
42 0.00143078
43 0.00143018
44 0.00142987
45 0.00142972
46 0.00137947
47 0.000957465
48 0.000734464
49 0.00061993
50 0.000559757
51 0.000528409
52 0.000512102
53 0.000502645
54 0.000496981
55 0.00049523
56 0.000496968
57 0.000497691
58 0.000496292
59 0.000495303
60 0.000504427
61 0.000545051
62 0.000500113
63 0.00183636
64 0.00236542
65 0.0071759
66 0.0192511
67 0.043332
68 0.123276
69 0.221893
70 0.258419
71 0.28094
72 0.278607
73 0.274107
74 0.296552
75 0.301603
76 0.318074
77 0.303014
78 0.309411
79 0.317263
80 0.326592
81 0.327406
82 0.333771
83 0.338506
84 0.321135
85 0.326984
86 0.335029
87 0.341612
88 0.34171
89 0.324029
90 0.330855
91 0.312321
