-1 0.116474
1 0.0854292
2 0.0302968
3 0.0189452
4 0.0180278
5 0.0168965
6 0.01714
7 0.017001
8 0.0170519
9 0.01703
10 0.0170388
11 0.0170351
12 0.0170366
13 0.017036
14 0.0170363
15 0.0170362
16 0.00538734
17 0.00716924
18 0.00601107
19 0.0063414
20 0.00620683
21 0.00625612
22 0.00623669
23 0.00624457
24 0.00624147
25 0.00624274
26 0.00624224
27 0.00624244
28 0.00624236
29 0.0062424
30 0.00624238
31 0.00449635
32 0.00278205
33 0.00183986
34 0.00196969
35 0.00179777
36 0.00184525
37 0.00181854
38 0.00182752
39 0.00182276
40 0.0018244
41 0.00182387
42 0.00182416
43 0.00182393
44 0.00182394
45 0.00182399
46 0.00181028
47 0.000737379
48 0.000748998
49 0.000629972
50 0.000631639
51 0.000629359
52 0.000638527
53 0.000671056
54 0.000766273
55 0.0056758
56 0.0179957
57 0.0248045
58 0.0373071
59 0.0382849
60 0.045519
61 0.0504701
62 0.121263
63 0.20924
64 0.312525
65 0.344151
66 0.358261
67 0.333553
68 0.358223
69 0.334898
70 0.347553
71 0.367413
72 0.326665
73 0.339135
74 0.349459
75 0.326035
76 0.323871
77 0.324935
78 0.326295
79 0.342
80 0.349411
81 0.340223
82 0.329398
83 0.369691
84 0.340842
85 0.346539
86 0.349829
87 0.341776
88 0.330077
89 0.327007
90 0.333012
