-1 0.151798
1 0.0475387
2 0.0180273
3 0.00697083
4 0.00266496
5 0.00111108
6 0.000812829
7 0.000866017
8 0.000924837
9 0.000959021
10 0.000977906
11 0.000988733
12 0.000995279
13 0.000999428
14 0.00100215
15 0.00100398
16 0.000767965
17 0.000609696
18 0.000481973
19 0.000382956
20 0.000309882
21 0.000257772
22 0.00022142
23 0.000196381
24 0.000179231
25 0.000167489
26 0.000159427
27 0.000153867
28 0.000150015
29 0.000147336
30 0.000145466
31 0.00013822
32 0.000115941
33 9.22536e-05
34 7.23755e-05
35 5.72668e-05
36 4.63473e-05
37 3.86709e-05
38 3.33536e-05
39 2.96938e-05
40 2.71766e-05
41 2.54406e-05
42 2.42385e-05
43 2.34028e-05
44 2.28198e-05
45 2.2412e-05
46 2.2041e-05
47 1.86033e-05
48 1.48439e-05
49 1.18548e-05
50 9.70867e-06
51 8.15006e-06
52 6.96447e-06
53 6.06764e-06
54 5.43979e-06
55 5.04251e-06
56 4.79947e-06
57 4.62946e-06
58 4.48139e-06
59 4.34579e-06
60 4.23972e-06
61 4.18975e-06
62 3.55075e-06
63 2.88968e-06
64 2.54203e-06
65 2.22718e-06
66 1.71095e-06
67 1.66717e-06
68 2.22944e-06
69 4.08728e-06
70 6.36121e-06
71 9.78716e-06
72 1.81466e-05
73 2.94895e-05
74 5.30051e-05
75 0.000469984
76 0.00969049
77 0.088942
78 0.273273
79 0.446353
80 0.490967
81 0.499963
82 0.497106
83 0.487375
84 0.477347
85 0.46441
86 0.454058
87 0.447777
88 0.440996
89 0.437037
90 0.433164
