-1 0.115968
1 0.0346287
2 0.0190368
3 0.0150416
4 0.0138604
5 0.0134025
6 0.0131953
7 0.0130984
8 0.0130542
9 0.0130353
10 0.0130285
11 0.013027
12 0.0130277
13 0.0130291
14 0.0130306
15 0.0130318
16 0.00732891
17 0.00532058
18 0.0045223
19 0.00407984
20 0.00380073
21 0.00362555
22 0.00351793
23 0.00345218
24 0.00341158
25 0.003386
26 0.00336949
27 0.00335861
28 0.0033513
29 0.00334633
30 0.00334291
31 0.00241457
32 0.00203582
33 0.00174606
34 0.00150538
35 0.00131682
36 0.00117599
37 0.00107372
38 0.00100058
39 0.000948674
40 0.000911975
41 0.000886067
42 0.000867783
43 0.000854875
44 0.000845756
45 0.000839305
46 0.000813391
47 0.000722087
48 0.000624113
49 0.000541521
50 0.000477827
51 0.000430446
52 0.000395686
53 0.000370304
54 0.000351784
55 0.000338257
56 0.000328354
57 0.000321097
58 0.000315791
59 0.00031193
60 0.000309124
61 0.000307808
62 0.000282352
63 0.000256428
64 0.000236365
65 0.000222491
66 0.000212962
67 0.000205413
68 0.000198452
69 0.000191554
70 0.000181275
71 0.000161431
72 0.000484682
73 0.00511869
74 0.0167123
75 0.0328956
76 0.0551241
77 0.1252
78 0.209175
79 0.255093
80 0.289939
81 0.306645
82 0.317324
83 0.314078
84 0.324685
85 0.325969
86 0.334011
87 0.344533
88 0.35687
89 0.364435
90 0.360471
91 0.362642
