-1 0.116217
1 0.0354481
2 0.0206053
3 0.0169687
4 0.0158751
5 0.015424
6 0.0152041
7 0.0150917
8 0.015034
9 0.0150048
10 0.0149904
11 0.0149836
12 0.0149806
13 0.0149796
14 0.0149794
15 0.0149796
16 0.00863936
17 0.00632296
18 0.00544484
19 0.00500987
20 0.0047577
21 0.00460837
22 0.00452111
23 0.00447033
24 0.00444043
25 0.00442238
26 0.00441115
27 0.00440395
28 0.00439921
29 0.00439602
30 0.00439385
31 0.00310303
32 0.00263078
33 0.00228252
34 0.00198936
35 0.0017567
36 0.00158158
37 0.00145392
38 0.00136248
39 0.0012976
40 0.00125175
41 0.00121943
42 0.00119667
43 0.00118063
44 0.00116933
45 0.00116137
46 0.00111722
47 0.000991927
48 0.000855771
49 0.000739536
50 0.000649209
51 0.00058187
52 0.000532605
53 0.000496868
54 0.000471024
55 0.000452338
56 0.00043881
57 0.000429013
58 0.000421942
59 0.000416866
60 0.000413233
61 0.000411815
62 0.000375617
63 0.000337492
64 0.000306832
65 0.0002846
66 0.000268771
67 0.00025659
68 0.000246321
69 0.000236984
70 0.000224486
71 0.000201204
72 0.000508516
73 0.00561847
74 0.0172388
75 0.0332876
76 0.0568329
77 0.105318
78 0.178722
79 0.229434
80 0.268182
81 0.284877
82 0.298924
83 0.308451
84 0.3151
85 0.327364
86 0.333637
87 0.334032
88 0.341562
89 0.337701
90 0.341691
91 0.344054
92 0.343456
