-1 0.116217
1 0.0320429
2 0.0157974
3 0.0151726
4 0.0150112
5 0.0149769
6 0.0149736
7 0.0149761
8 0.0149784
9 0.0149798
10 0.0149805
11 0.0149809
12 0.014981
13 0.0149811
14 0.0149811
15 0.0149811
16 0.00551835
17 0.00501159
18 0.00461804
19 0.00448016
20 0.00442902
21 0.00440753
22 0.00439775
23 0.00439314
24 0.00439095
25 0.00438991
26 0.00438943
27 0.0043892
28 0.0043891
29 0.00438905
30 0.00438903
31 0.00281202
32 0.00211639
33 0.00163468
34 0.00139003
35 0.0012671
36 0.00120523
37 0.00117412
38 0.00115848
39 0.00115057
40 0.00114654
41 0.00114446
42 0.00114339
43 0.00114284
44 0.00114256
45 0.00114242
46 0.00110779
47 0.00076911
48 0.000595251
49 0.00050603
50 0.000458861
51 0.000434123
52 0.000421056
53 0.00041311
54 0.000408086
55 0.000406714
56 0.000408853
57 0.000409863
58 0.000409347
59 0.000408317
60 0.000421222
61 0.00047621
62 0.00175516
63 0.0023671
64 0.0023025
65 0.00717406
66 0.0239063
67 0.0622721
68 0.153582
69 0.234841
70 0.27087
71 0.247698
72 0.253393
73 0.259663
74 0.273497
75 0.264633
76 0.265623
77 0.271774
78 0.291806
79 0.305943
80 0.3172
81 0.344218
82 0.363696
83 0.366822
84 0.386261
85 0.393083
86 0.395396
87 0.390563
88 0.409424
89 0.416867
90 0.420437
