-1 0.115394
1 0.0330523
2 0.0157217
3 0.0107217
4 0.0092831
5 0.00881913
6 0.0086584
7 0.00860856
8 0.00860082
9 0.00860749
10 0.00861745
11 0.00862661
12 0.00863384
13 0.00863912
14 0.0086428
15 0.00864529
16 0.00518238
17 0.00382842
18 0.00314998
19 0.00271199
20 0.00241388
21 0.00221361
22 0.00208083
23 0.0019929
24 0.00193423
25 0.00189462
26 0.00186757
27 0.00184889
28 0.0018359
29 0.00182679
30 0.00182038
31 0.00144576
32 0.00121735
33 0.00101928
34 0.000856003
35 0.000730018
36 0.000636434
37 0.000568238
38 0.000519017
39 0.000483688
40 0.000458427
41 0.000440413
42 0.000427588
43 0.00041846
44 0.000411957
45 0.000407317
46 0.00039764
47 0.000344364
48 0.000290068
49 0.000246372
50 0.000213478
51 0.000188789
52 0.000169921
53 0.000155317
54 0.000144035
55 0.000135418
56 0.000128911
57 0.000124021
58 0.000120345
59 0.000117574
60 0.000115474
61 0.000114109
62 9.97902e-05
63 8.78326e-05
64 8.12603e-05
65 7.87719e-05
66 7.79615e-05
67 7.70146e-05
68 7.58489e-05
69 7.52586e-05
70 7.4401e-05
71 7.45665e-05
72 9.50207e-05
73 0.00138616
74 0.00837975
75 0.0226132
76 0.0442274
77 0.124318
78 0.227866
79 0.328159
80 0.402435
81 0.391195
82 0.387683
83 0.365672
84 0.361677
85 0.35214
86 0.34639
87 0.345373
88 0.334029
89 0.339658
90 0.331674
91 0.329595
