-1 0.116355
1 0.0886858
2 0.0692678
3 0.0551587
4 0.0447507
5 0.0370396
6 0.0313438
7 0.02717
8 0.024142
9 0.0219661
10 0.020413
11 0.0193068
12 0.0185166
13 0.0179474
14 0.0175323
15 0.0172248
16 0.0148508
17 0.0128927
18 0.0113387
19 0.0101101
20 0.00914135
21 0.00837841
22 0.00777695
23 0.00730129
24 0.00692324
25 0.00662086
26 0.0063773
27 0.00617972
28 0.0060184
29 0.00588592
30 0.00577659
31 0.00515306
32 0.00469236
33 0.00434475
34 0.00407126
35 0.00384534
36 0.00365002
37 0.00347496
38 0.00331418
39 0.00316442
40 0.00302398
41 0.00289204
42 0.00276823
43 0.00265239
44 0.00254438
45 0.00244406
46 0.00234708
47 0.00224453
48 0.00213855
49 0.00203126
50 0.00192458
51 0.00182008
52 0.00171901
53 0.00162227
54 0.00153046
55 0.00144397
56 0.00136299
57 0.00128756
58 0.00121759
59 0.00115294
60 0.00109338
61 0.00103993
62 0.000985902
63 0.000932467
64 0.0008805
65 0.000830626
66 0.000783268
67 0.000738688
68 0.000697021
69 0.000658303
70 0.000622494
71 0.000589502
72 0.000559201
73 0.000531437
74 0.000506046
75 0.000482859
76 0.00046169
77 0.000441276
78 0.000421788
79 0.000403395
80 0.000386223
81 0.000370323
82 0.000355688
83 0.000342268
84 0.000329962
85 0.000318598
86 0.000307821
87 0.000296889
88 0.000284311
89 0.000266797
90 0.000237042
