-1 0.116463
1 0.0577978
2 0.0531361
3 0.0358998
4 0.0255186
5 0.0168258
6 0.0312673
7 0.041939
8 0.0475662
9 0.0509587
10 0.0531639
11 0.0547187
12 0.0558577
13 0.0566943
14 0.0573161
15 0.0577775
16 0.0577958
17 0.0616004
18 0.0622085
19 0.06866
20 0.0681141
21 0.0704417
22 0.0645833
23 0.0696661
24 0.0680047
25 0.0506485
26 0.0921341
27 0.369481
28 0.338241
29 0.136867
30 0.228216
31 0.223134
32 0.173547
33 0.217573
34 0.28376
35 0.259988
36 0.267169
37 0.272809
38 0.456525
39 0.386505
40 0.35222
41 0.222663
42 0.216922
43 0.195782
44 0.238007
45 0.220653
46 0.197418
47 0.228555
48 0.390099
49 0.386753
50 0.375586
51 0.351836
52 0.27428
53 0.312007
54 0.24597
55 0.241287
56 0.268577
57 0.288228
58 0.286425
59 0.24496
60 0.215155
61 0.235171
62 0.255109
63 0.311382
64 0.332374
65 0.317114
66 0.343812
67 0.383694
68 0.403301
69 0.377398
70 0.320569
71 0.337119
72 0.355106
73 0.359638
74 0.35703
75 0.352555
76 0.317582
77 0.333832
78 0.340184
79 0.363585
80 0.476473
81 0.396624
82 0.391748
83 0.369036
84 0.373917
85 0.366662
86 0.340969
87 0.35383
88 0.37095
89 0.36161
90 0.362157
