-1 0.116217
1 0.0845359
2 0.0289988
3 0.0171182
4 0.0160322
5 0.0148406
6 0.0150881
7 0.0149455
8 0.014997
9 0.0149749
10 0.0149837
11 0.01498
12 0.0149815
13 0.0149809
14 0.0149812
15 0.0149811
16 0.00567819
17 0.00541694
18 0.00416461
19 0.00449637
20 0.004357
21 0.00440241
22 0.00438422
23 0.00439095
24 0.00438827
25 0.00438931
26 0.0043889
27 0.00438906
28 0.004389
29 0.00438902
30 0.00438901
31 0.00319195
32 0.00170124
33 0.0012136
34 0.00122324
35 0.00113343
36 0.00115479
37 0.00114003
38 0.00114431
39 0.00114157
40 0.00114251
41 0.00114224
42 0.00114237
43 0.00114222
44 0.00114223
45 0.00114226
46 0.00113931
47 0.000464631
48 0.000497312
49 0.000413653
50 0.000420771
51 0.000422959
52 0.000438392
53 0.000489232
54 0.000657798
55 0.0140403
56 0.0302878
57 0.0393456
58 0.0611831
59 0.0669436
60 0.106312
61 0.118859
62 0.179874
63 0.276289
64 0.293499
65 0.357261
66 0.377692
67 0.293595
68 0.35774
69 0.37439
70 0.29632
71 0.35162
72 0.332266
73 0.311448
74 0.351613
75 0.309724
76 0.310313
77 0.298274
78 0.309519
79 0.315073
80 0.317358
81 0.321029
82 0.324611
83 0.363467
84 0.342331
85 0.331321
86 0.338228
87 0.322869
88 0.342676
89 0.310875
90 0.345189
