-1 0.0507888
1 0.01302
2 0.00609491
3 0.00546855
4 0.0057776
5 0.00598202
6 0.00607729
7 0.00611895
8 0.00613725
9 0.00614561
10 0.00614968
11 0.00615183
12 0.00615307
13 0.00615384
14 0.00615435
15 0.00615469
16 0.00400485
17 0.00259412
18 0.00166402
19 0.00103163
20 0.000568933
21 0.000316783
22 0.000309869
23 0.000372542
24 0.000421816
25 0.000452753
26 0.000471185
27 0.00048202
28 0.000488391
29 0.00049216
30 0.000494409
31 0.000416061
32 0.00033978
33 0.000267561
34 0.000209151
35 0.000165604
36 0.000134895
37 0.000113924
38 0.00010008
39 9.11912e-05
40 8.55873e-05
41 8.20793e-05
42 7.98765e-05
43 7.84779e-05
44 7.75758e-05
45 7.69831e-05
46 6.02574e-05
47 4.82051e-05
48 3.749e-05
49 2.91331e-05
50 2.4316e-05
51 2.28364e-05
52 2.33318e-05
53 2.45709e-05
54 2.59047e-05
55 2.70857e-05
56 2.8051e-05
57 2.88095e-05
58 2.93928e-05
59 2.98357e-05
60 3.01693e-05
61 2.16114e-05
62 1.55195e-05
63 1.14834e-05
64 8.72703e-06
65 6.96077e-06
66 5.913e-06
67 5.30839e-06
68 4.96089e-06
69 4.75891e-06
70 4.63886e-06
71 4.56885e-06
72 4.53247e-06
73 4.51812e-06
74 4.51556e-06
75 4.51716e-06
76 3.42103e-06
77 2.6134e-06
78 2.02997e-06
79 1.85816e-06
80 2.16888e-06
81 3.23961e-06
82 2.5805e-05
83 0.000390265
84 0.00196701
85 0.00558167
86 0.0102903
87 0.0166517
88 0.0254954
89 0.035927
90 0.04729
