-1 0.0403387
1 0.0103543
2 0.0087556
3 0.0089307
4 0.00905483
5 0.00907608
6 0.00905669
7 0.00902905
8 0.00900461
9 0.00898598
10 0.0089727
11 0.00896356
12 0.0089574
13 0.0089533
14 0.0089506
15 0.00894882
16 0.00699712
17 0.00584789
18 0.00517857
19 0.00480008
20 0.00459026
21 0.00447616
22 0.00441487
23 0.00438233
24 0.00436529
25 0.00435653
26 0.00435215
27 0.00435004
28 0.0043491
29 0.00434873
30 0.00434864
31 0.00285526
32 0.00204225
33 0.00162627
34 0.00142641
35 0.00133775
36 0.00130314
37 0.00129303
38 0.00129297
39 0.00129637
40 0.00130047
41 0.00130419
42 0.00130722
43 0.00130955
44 0.00131129
45 0.00131256
46 0.000837133
47 0.000564523
48 0.000412123
49 0.000329187
50 0.000284704
51 0.000261005
52 0.00024847
53 0.000241878
54 0.000238437
55 0.000236666
56 0.000235783
57 0.000235369
58 0.000235199
59 0.000235152
60 0.000235164
61 0.000138593
62 8.55633e-05
63 5.86195e-05
64 4.58068e-05
65 3.98758e-05
66 3.70811e-05
67 3.5795e-05
68 3.52648e-05
69 3.51114e-05
70 3.51461e-05
71 3.52581e-05
72 3.53877e-05
73 3.55087e-05
74 3.56141e-05
75 3.57054e-05
76 2.17141e-05
77 1.60689e-05
78 1.35911e-05
79 1.24133e-05
80 1.20649e-05
81 1.21092e-05
82 1.19556e-05
83 6.46638e-05
84 0.000471253
85 0.00187508
86 0.00462856
87 0.0102455
88 0.0156828
89 0.0221802
90 0.0271731
91 0.031809
92 0.0404613
93 0.0460554
94 0.0521194
95 0.0579265
96 0.0619665
97 0.0659257
98 0.0684397
99 0.0705071
100 0.0722121
101 0.0725298
102 0.0743772
103 0.0736495
104 0.0745019
105 0.0737085
