-1 0.0724673
1 0.0348221
2 0.0276247
3 0.0262245
4 0.0262586
5 0.0266204
6 0.0270002
7 0.0273153
8 0.027555
9 0.0277999
10 0.0280288
11 0.0282208
12 0.0283734
13 0.0284913
14 0.0285807
15 0.0286477
16 0.014494
17 0.00893601
18 0.00819009
19 0.00936658
20 0.0108371
21 0.0122595
22 0.0151687
23 0.0190546
24 0.0231879
25 0.0270712
26 0.0311722
27 0.035001
28 0.0381805
29 0.0406022
30 0.0423736
31 0.04113
32 0.031779
33 0.0196986
34 0.0119499
35 0.00799699
36 0.0082278
37 0.0111707
38 0.0163473
39 0.022812
40 0.02998
41 0.038811
42 0.0488784
43 0.0599598
44 0.0692893
45 0.0713099
46 0.0633508
47 0.076336
48 0.084961
49 0.0912643
50 0.0960546
51 0.0928625
52 0.09773
53 0.0977221
54 0.0980875
55 0.100519
56 0.100521
57 0.101435
58 0.104163
59 0.108431
60 0.11642
61 0.118873
62 0.12837
63 0.133708
64 0.143654
65 0.149527
66 0.158872
67 0.156856
68 0.168544
69 0.167213
70 0.177781
71 0.175716
72 0.18225
73 0.183669
74 0.183894
75 0.189228
76 0.190916
77 0.19662
78 0.206509
79 0.211588
80 0.218427
81 0.217518
82 0.226441
83 0.222865
84 0.228013
85 0.228692
86 0.231258
87 0.230316
88 0.231541
89 0.230687
90 0.232574
91 0.229441
92 0.224548
93 0.223841
94 0.223452
95 0.224184
96 0.22348
