-1 0.0970955
1 0.0620117
2 0.040609
3 0.0291194
4 0.0246093
5 0.0230158
6 0.0225793
7 0.022583
8 0.0227306
9 0.0229035
10 0.0230584
11 0.0231835
12 0.0232794
13 0.0233509
14 0.0234033
15 0.0234412
16 0.0165216
17 0.0172368
18 0.00832031
19 0.00622978
20 0.00726723
21 0.0098457
22 0.0139106
23 0.0185313
24 0.022651
25 0.0259461
26 0.0283319
27 0.0301473
28 0.0313802
29 0.0318975
30 0.0320536
31 0.0282173
32 0.0450378
33 0.067877
34 0.0885406
35 0.106623
36 0.130933
37 0.147476
38 0.167731
39 0.168739
40 0.179846
41 0.176354
42 0.174027
43 0.178979
44 0.190757
45 0.195678
46 0.195487
47 0.195837
48 0.205404
49 0.213899
50 0.224502
51 0.23377
52 0.242906
53 0.258645
54 0.264328
55 0.271156
56 0.275477
57 0.281064
58 0.286111
59 0.285533
60 0.291847
61 0.283974
62 0.283156
63 0.286967
64 0.281749
65 0.283483
66 0.290423
67 0.292055
68 0.297129
69 0.296249
70 0.303273
71 0.30375
72 0.307713
73 0.310795
74 0.311956
75 0.313841
76 0.307714
77 0.307641
78 0.309931
79 0.301141
80 0.302503
81 0.307098
82 0.306936
83 0.308599
84 0.312368
85 0.315844
86 0.315574
87 0.318855
88 0.31951
89 0.323371
