-1 0.347985
1 0.285841
2 0.26031
3 0.246996
4 0.239814
5 0.235944
6 0.2339
7 0.232845
8 0.232283
9 0.231974
10 0.2318
11 0.231699
12 0.231637
13 0.231599
14 0.231575
15 0.231559
16 0.260499
17 0.27841
18 0.28988
19 0.297103
20 0.301702
21 0.304727
22 0.306767
23 0.30815
24 0.309089
25 0.309727
26 0.310162
27 0.310458
28 0.310661
29 0.310799
30 0.310894
31 0.316019
32 0.318601
33 0.320165
34 0.321349
35 0.322286
36 0.323007
37 0.323517
38 0.323835
39 0.324004
40 0.324071
41 0.324073
42 0.324038
43 0.323986
44 0.323928
45 0.323871
46 0.324174
47 0.322701
48 0.321242
49 0.320153
50 0.319393
51 0.318889
52 0.31857
53 0.3184
54 0.318367
55 0.318523
56 0.318703
57 0.318905
58 0.318731
59 0.318723
60 0.318849
61 0.318819
62 0.318823
63 0.318851
64 0.319097
65 0.319603
66 0.320546
67 0.322027
68 0.3246
69 0.327227
70 0.329692
71 0.332336
72 0.334671
73 0.336253
74 0.337936
75 0.33899
76 0.3385
77 0.341225
78 0.342569
79 0.345313
80 0.348566
81 0.352155
82 0.355345
83 0.358013
84 0.360046
85 0.362075
86 0.363014
87 0.364182
88 0.365794
89 0.366386
